{
   "width":1920,
   "height":1080,
   "top":162,
   "left":612,
   "bottom":400,
   "right":607,
   "opacity":1.0000000,
   "messagex":0.220000,
   "messagey":0.120000
}